6
85
0 "Apucarana"
1 "Candói (Eletrovia Paranaense)"
2 "Corbélia"
3 "Curitiba (Curitiba Eco Elétrico)"
4 "Curitiba (Posto Bolinha)"
5 "Curitiba"
6 "Curitiba"
7 "Curitiba (ChargePoint)"
8 "Curitiba (Ecofortte Eletropostos - Mini Preço)"
9 "Curitiba (Eletroposto Fiep)"
10 "Curitiba (Eletroposto Fiep - Lactec)"
11 "Curitiba (Eletroposto Fiep - Lactec)"
12 "Curitiba"
13 "Curitiba (Eletroposto Evvo - Rodoferroviária)"
14 "Foz do Iguaçu (Phone charging station)"
15 "Irati (Copel)"
16 "Irati"
17 "Palmeira (Petrobras)"
18 "Piraquara"
19 "Piraquara"
20 "Ribeirão Claro (Ipiranga Chammas)"
21 "Ribeirão Claro (Posto Combustível Chammas)"
22 "Santo Antônio da Platina (Ipiranga)"
23 "União da Vitória (Usina hidrelétrica Salto do Vau)"
24 "Bagé (Estação de carregamento de veículos elétricos)"
25 "Barra do Ribeiro (Eletroposto)"
26 "Camargo"
27 "Capivari do Sul"
28 "Caxias do Sul"
29 "Condor"
30 "Cruz Alta (Posto Paizão)"
31 "Cruz Alta (Posto Ipiranga)"
32 "Cruz Alta (Estrelar Auto Elétrica)"
33 "Cruz Alta (PROTTI)"
34 "Dom Pedrito (Eletroposto)"
35 "Esteio (Petrobrás)"
36 "Esteio"
37 "Estância Velha"
38 "Estância Velha (Fort Atacadista)"
39 "Gramado"
40 "Gravataí (Sim)"
41 "Imbé (Eletroposto)"
42 "Imbé (Eletroposto)"
43 "Lajeado (Certel)"
44 "Osório (Megapetro)"
45 "Osório (walmor Rodrigues)"
46 "Osório (Eletroposto)"
47 "Osório (Eletroposto)"
48 "Osório (Via Porto BYD)"
49 "Parobé (Rissul)"
50 "Quaraí (Ipiranga)"
51 "Quaraí"
52 "Santa Maria (Parceria Solar)"
53 "Santa Rosa"
54 "Sapiranga"
55 "São Francisco de Paula (Eletroposto Volvo)"
56 "São Francisco de Paula"
57 "Torres"
58 "Torres (Eletroposto)"
59 "Uruguaiana (ipiringa)"
60 "Blumenau (Blumenau Norte Shopping)"
61 "Blumenau (Shopping Neumarkt)"
62 "Blumenau"
63 "Blumenau (Shopping Park Europeu)"
64 "Blumenau (Shell Recharge)"
65 "Chapecó (Estação de Carregamento de Carros Elétricos ou Híbridos)"
66 "Chapecó"
67 "Correia Pinto"
68 "Florianópolis (UFSC)"
69 "Florianópolis (Fundação CERTI)"
70 "Gaspar (Fazzenda Park Resort)"
71 "Governador Celso Ramos (ev charger - WeCharge)"
72 "Governador Celso Ramos (ev charger - Brasilis)"
73 "Joaçaba (we charge)"
74 "Joaçaba (coulomb)"
75 "Lages (Restaurante Cansian Zamban)"
76 "Luiz Alves (Auto Posto Martendal)"
77 "Palhoça (Ostradamus)"
78 "Passo de Torres"
79 "Passo de Torres"
80 "Pomerode (Marco Imóveis)"
81 "Pomerode (Auto Posto Pomerode)"
82 "Pomerode (Restaurante Wunderwald)"
83 "Pomerode (Solar Pro Engenharia)"
84 "Pomerode"
1640
0 20 237.1
0 21 236.5
0 22 204.7
1 2 208.4
1 15 141.9
1 16 141.9
1 17 228.8
2 1 208.4
2 14 166.3
3 4 3.8
3 5 3.2
3 6 3.2
3 7 11.2
3 8 8
3 9 2.1
3 10 2.4
3 11 2.4
3 12 5.9
3 13 3.4
3 15 168.9
3 16 169
3 17 85.5
3 18 19.6
3 19 19.6
3 60 201.5
3 61 208.9
3 62 208.1
3 63 205.7
3 64 210.4
3 70 232.5
3 76 194.8
3 80 190.2
3 81 189.7
3 82 198.4
3 83 187.7
3 84 186.5
4 3 3.8
4 5 3.4
4 6 3.4
4 7 7.8
4 8 7.9
4 9 2.8
4 10 3.1
4 11 3.1
4 12 4.8
4 13 3.6
4 15 166.8
4 16 166.8
4 17 83.4
4 18 22.1
4 19 22.1
4 60 201.4
4 61 208.8
4 62 208
4 63 205.7
4 64 210.3
4 70 232.4
4 76 194.7
4 80 186.6
4 81 186
4 82 194.7
4 83 184
4 84 182.9
5 3 3.2
5 4 3.4
5 6 3.1
5 7 9
5 8 8.6
5 9 2.9
5 10 3.2
5 11 3.2
5 12 5.3
5 13 0.3
5 15 168.4
5 16 168.4
5 17 84.9
5 18 21.2
5 19 21.2
5 60 202.1
5 61 209.5
5 62 208.7
5 63 206.3
5 64 211
5 70 233.1
5 76 195.4
5 80 190.2
5 81 189.6
5 82 198.3
5 83 187.7
5 84 186.5
6 3 3.2
6 4 3.4
6 5 3.1
6 7 9
6 8 8.6
6 9 2.9
6 10 3.2
6 11 3.2
6 12 5.3
6 13 0.3
6 15 168.4
6 16 168.4
6 17 84.9
6 18 21.2
6 19 21.2
6 60 202.1
6 61 209.5
6 62 208.7
6 63 206.3
6 64 211
6 70 233.1
6 76 195.4
6 80 190.2
6 81 189.6
6 82 198.3
6 83 187.7
6 84 186.5
7 3 11.2
7 4 7.8
7 5 9
7 6 9
7 8 14.7
7 9 9
7 10 9.3
7 11 9.3
7 12 4.2
7 13 7.5
7 15 161.3
7 16 161.3
7 17 77.9
7 18 28
7 19 28
7 60 208.2
7 61 215.6
7 62 214.8
7 63 212.5
7 64 217.1
7 70 239.2
7 76 201.5
7 80 191
7 81 190.4
7 82 199.1
7 83 188.4
7 84 187.2
8 3 8
8 4 7.9
8 5 8.6
8 6 8.6
8 7 14.7
8 9 6.3
8 10 6
8 11 6.6
8 12 11.1
8 13 8.4
8 15 174.2
8 16 174.2
8 17 90.7
8 18 16
8 19 16
8 60 194
8 61 201.5
8 62 200.7
8 63 198.3
8 64 202.9
8 70 225
8 76 187.3
8 80 185.6
8 81 185
8 82 193.7
8 83 183.1
8 84 181.9
9 3 2.1
9 4 2.8
9 5 2.9
9 6 2.9
9 7 9
9 8 6.3
9 10 0.3
9 11 0.3
9 12 6
9 13 3.4
9 15 169
9 16 169
9 17 85.6
9 18 19.4
9 19 19.5
9 60 201.6
9 61 209
9 62 208.2
9 63 205.8
9 64 210.4
9 70 232.6
9 76 194.9
9 80 189.9
9 81 189.3
9 82 198
9 83 187.4
9 84 186.2
10 3 2.4
10 4 3.1
10 5 3.2
10 6 3.2
10 7 9.3
10 8 6
10 9 0.3
10 11 0.3
10 12 5.7
10 13 3
10 15 168.8
10 16 168.8
10 17 85.3
10 18 19.7
10 19 19.8
10 60 201.7
10 61 209.1
10 62 208.3
10 63 205.9
10 64 210.6
10 70 232.7
10 76 195
10 80 190.2
10 81 189.6
10 82 198.4
10 83 187.7
10 84 186.5
11 3 2.4
11 4 3.1
11 5 3.2
11 6 3.2
11 7 9.3
11 8 6.6
11 9 0.3
11 10 0.3
11 12 5.9
11 13 3.3
11 15 169
11 16 169
11 17 85.6
11 18 19.8
11 19 19.8
11 60 201.9
11 61 209.3
11 62 208.5
11 63 206.1
11 64 210.8
11 70 232.9
11 76 195.2
11 80 190.3
11 81 189.7
11 82 198.4
11 83 187.7
11 84 186.5
12 3 5.9
12 4 4.8
12 5 5.3
12 6 5.3
12 7 4.2
12 8 11.1
12 9 6
12 10 5.7
12 11 5.9
12 13 3.6
12 15 163.7
12 16 163.7
12 17 80.2
12 18 24
12 19 24
12 60 204.3
12 61 211.7
12 62 210.9
12 63 208.6
12 64 213.2
12 70 235.3
12 76 197.6
12 80 190
12 81 189.4
12 82 198.1
12 83 187.5
12 84 186.3
13 3 3.4
13 4 3.6
13 5 0.3
13 6 0.3
13 7 7.5
13 8 8.4
13 9 3.4
13 10 3
13 11 3.3
13 12 3.6
13 15 168.2
13 16 168.2
13 17 84.7
13 18 21
13 19 21
13 60 201.9
13 61 209.3
13 62 208.5
13 63 206.1
13 64 210.7
13 70 232.9
13 76 195.2
13 80 190
13 81 189.4
13 82 198.1
13 83 187.4
13 84 186.3
14 2 166.3
15 1 141.9
15 3 168.9
15 4 166.8
15 5 168.4
15 6 168.4
15 7 161.3
15 8 174.2
15 9 169
15 10 168.8
15 11 169
15 12 163.7
15 13 168.2
15 16 0
15 17 87.1
15 18 196.8
15 19 196.8
15 23 178.6
16 1 141.9
16 3 169
16 4 166.8
16 5 168.4
16 6 168.4
16 7 161.3
16 8 174.2
16 9 169
16 10 168.8
16 11 169
16 12 163.7
16 13 168.2
16 15 0
16 17 87.2
16 18 196.8
16 19 196.8
16 23 178.6
17 1 228.8
17 3 85.5
17 4 83.4
17 5 84.9
17 6 84.9
17 7 77.9
17 8 90.7
17 9 85.6
17 10 85.3
17 11 85.6
17 12 80.2
17 13 84.7
17 15 87.1
17 16 87.2
17 18 113.5
17 19 113.5
17 23 200.8
17 80 247
17 81 246.4
17 83 244.5
17 84 243.3
18 3 19.6
18 4 22.1
18 5 21.2
18 6 21.2
18 7 28
18 8 16
18 9 19.4
18 10 19.7
18 11 19.8
18 12 24
18 13 21
18 15 196.8
18 16 196.8
18 17 113.5
18 19 0
18 60 199.9
18 61 207.3
18 62 206.5
18 63 204.1
18 64 208.8
18 70 230.9
18 76 193.2
18 80 191.5
18 81 190.9
18 82 199.6
18 83 188.9
18 84 187.7
19 3 19.6
19 4 22.1
19 5 21.2
19 6 21.2
19 7 28
19 8 16
19 9 19.5
19 10 19.8
19 11 19.8
19 12 24
19 13 21
19 15 196.8
19 16 196.8
19 17 113.5
19 18 0
19 60 199.9
19 61 207.3
19 62 206.5
19 63 204.1
19 64 208.8
19 70 230.9
19 76 193.2
19 80 191.4
19 81 190.9
19 82 199.6
19 83 188.9
19 84 187.7
20 0 237.1
20 21 1
20 22 48.9
21 0 236.5
21 20 1
21 22 48.3
22 0 204.7
22 20 48.9
22 21 48.3
23 15 178.6
23 16 178.6
23 17 200.8
23 73 188.5
23 74 188.3
24 34 72.7
24 52 239.8
25 27 146.2
25 28 183.1
25 35 84
25 36 79.8
25 37 102
25 38 101.4
25 39 175.9
25 40 92.6
25 41 178.1
25 42 178
25 43 173.7
25 44 158.8
25 45 159.8
25 46 158.7
25 47 160
25 48 159.4
25 49 131.8
25 54 117.7
25 55 208.7
25 56 206.2
25 57 248.7
25 58 244.2
26 28 180.1
26 29 194.5
26 30 198.8
26 31 196.2
26 32 195.3
26 33 196.4
26 35 234.7
26 36 243.8
26 37 225.1
26 38 224.5
26 39 240.3
26 43 140.5
26 54 234.7
26 65 227.5
26 66 227.7
27 25 146.2
27 28 184.1
27 35 82.4
27 36 92.1
27 37 103
27 38 102.4
27 39 143
27 40 71.1
27 41 85.2
27 42 85.1
27 43 191.2
27 44 68.4
27 45 68.8
27 46 68.7
27 47 69
27 48 68.4
27 49 102.7
27 54 118.7
27 55 165.2
27 56 167.6
27 57 158.5
27 58 153.9
27 78 161.3
27 79 161
28 25 183.1
28 26 180.1
28 27 184.1
28 35 107.7
28 36 109.1
28 37 76.2
28 38 76.9
28 39 72.3
28 40 134.7
28 41 220.2
28 42 220.2
28 43 103.1
28 44 198.2
28 45 198
28 46 200.9
28 47 202.1
28 48 201.6
28 49 104.9
28 54 79.8
28 55 101.7
28 56 100.4
28 57 200.5
28 58 196
28 67 226.9
28 75 222.4
28 78 203.3
28 79 203.1
29 26 194.5
29 30 59.6
29 31 59.8
29 32 58.8
29 33 60
29 52 184.1
29 53 165.3
29 65 211
29 66 211.3
30 26 198.8
30 29 59.6
30 31 3.5
30 32 3.8
30 33 2.9
30 43 238.5
30 52 128.3
30 53 138.4
31 26 196.2
31 29 59.8
31 30 3.5
31 32 1.3
31 33 1.1
31 43 235.9
31 52 125
31 53 142
32 26 195.3
32 29 58.8
32 30 3.8
32 31 1.3
32 33 1.1
32 43 235.1
32 52 126
32 53 142
33 26 196.4
33 29 60
33 30 2.9
33 31 1.1
33 32 1.1
33 43 236.3
33 52 127.6
33 53 140.9
34 24 72.7
34 50 195.8
34 51 193.8
35 25 84
35 26 234.7
35 27 82.4
35 28 107.7
35 36 6.1
35 37 22.6
35 38 22
35 39 103.2
35 40 27.4
35 41 112.9
35 42 112.9
35 43 110.2
35 44 93.7
35 45 94.6
35 46 93.5
35 47 94.8
35 48 94.2
35 49 59
35 54 38.3
35 55 136
35 56 133.5
35 57 183.6
35 58 179
35 78 186.3
35 79 186.1
36 25 79.8
36 26 243.8
36 27 92.1
36 28 109.1
36 35 6.1
36 37 22.2
36 38 21.6
36 39 98.6
36 40 38.8
36 41 124.4
36 42 124.3
36 43 106.4
36 44 105.1
36 45 106.1
36 46 105
36 47 106.3
36 48 105.7
36 49 55.3
36 54 37.9
36 55 143.5
36 56 141
36 57 195
36 58 190.5
36 78 197.8
36 79 197.6
37 25 102
37 26 225.1
37 27 103
37 28 76.2
37 35 22.6
37 36 22.2
37 38 0.9
37 39 75.8
37 40 51.3
37 41 136.8
37 42 136.7
37 43 105.8
37 44 117.5
37 45 118.5
37 46 117.4
37 47 118.7
37 48 118.1
37 49 32.4
37 54 15
37 55 116.7
37 56 114.2
37 57 207.4
37 58 202.9
37 78 210.2
37 79 210
38 25 101.4
38 26 224.5
38 27 102.4
38 28 76.9
38 35 22
38 36 21.6
38 37 0.9
38 39 76.2
38 40 50.2
38 41 135.7
38 42 135.6
38 43 106.2
38 44 116.5
38 45 117.4
38 46 116.3
38 47 117.6
38 48 117
38 49 32.9
38 54 15.5
38 55 117.1
38 56 114.6
38 57 206.4
38 58 201.8
38 78 209.1
38 79 208.9
39 25 175.9
39 26 240.3
39 27 143
39 28 72.3
39 35 103.2
39 36 98.6
39 37 75.8
39 38 76.2
39 40 90.8
39 41 137.7
39 42 137.7
39 43 173.4
39 44 118.5
39 45 119.4
39 46 118.4
39 47 119.7
39 48 119.1
39 49 42.7
39 54 61.2
39 55 77
39 56 74.5
39 57 175.8
39 58 171.3
39 67 247.1
39 75 242.7
39 78 178.6
39 79 178.4
40 25 92.6
40 27 71.1
40 28 134.7
40 35 27.4
40 36 38.8
40 37 51.3
40 38 50.2
40 39 90.8
40 41 100.5
40 42 100.4
40 43 133.8
40 44 81.2
40 45 82.2
40 46 81.1
40 47 82.4
40 48 81.8
40 49 53.8
40 54 61.5
40 55 130.8
40 56 128.3
40 57 171.1
40 58 166.6
40 78 173.9
40 79 173.7
41 25 178.1
41 27 85.2
41 28 220.2
41 35 112.9
41 36 124.4
41 37 136.8
41 38 135.7
41 39 137.7
41 40 100.5
41 42 0.3
41 43 222.2
41 44 20.7
41 45 21.1
41 46 21.1
41 47 19.5
41 48 18.9
41 49 97.5
41 54 115.9
41 55 117.5
41 56 120
41 57 88.9
41 58 106.3
41 78 91.7
41 79 91.5
42 25 178
42 27 85.1
42 28 220.2
42 35 112.9
42 36 124.3
42 37 136.7
42 38 135.6
42 39 137.7
42 40 100.4
42 41 0.3
42 43 221.9
42 44 20.4
42 45 20.8
42 46 20.7
42 47 19.2
42 48 18.6
42 49 97.2
42 54 115.6
42 55 117.2
42 56 119.6
42 57 89.3
42 58 105.9
42 78 92
42 79 91.8
43 25 173.7
43 26 140.5
43 27 191.2
43 28 103.1
43 30 238.5
43 31 235.9
43 32 235.1
43 33 236.3
43 35 110.2
43 36 106.4
43 37 105.8
43 38 106.2
43 39 173.4
43 40 133.8
43 41 222.2
43 42 221.9
43 44 202.4
43 45 203.3
43 46 202.2
43 47 203.5
43 48 202.9
43 49 137.3
43 52 195.1
43 54 119.9
43 55 206.2
43 56 204.9
44 25 158.8
44 27 68.4
44 28 198.2
44 35 93.7
44 36 105.1
44 37 117.5
44 38 116.5
44 39 118.5
44 40 81.2
44 41 20.7
44 42 20.4
44 43 202.4
44 45 1.1
44 46 0.3
44 47 1.6
44 48 2.2
44 49 78.2
44 54 96.6
44 55 97
44 56 99.4
44 57 90.3
44 58 85.7
44 78 93.1
44 79 92.8
45 25 159.8
45 27 68.8
45 28 198
45 35 94.6
45 36 106.1
45 37 118.5
45 38 117.4
45 39 119.4
45 40 82.2
45 41 21.1
45 42 20.8
45 43 203.3
45 44 1.1
45 46 1.4
45 47 1.9
45 48 2.5
45 49 79.3
45 54 97.6
45 55 96.4
45 56 98.9
45 57 89.7
45 58 85.2
45 78 92.5
45 79 92.3
46 25 158.7
46 27 68.7
46 28 200.9
46 35 93.5
46 36 105
46 37 117.4
46 38 116.3
46 39 118.4
46 40 81.1
46 41 21.1
46 42 20.7
46 43 202.2
46 44 0.3
46 45 1.4
46 47 1.8
46 48 2.3
46 49 78.6
46 54 97
46 55 96.7
46 56 99.2
46 57 90
46 58 85.5
46 78 92.8
46 79 92.6
47 25 160
47 27 69
47 28 202.1
47 35 94.8
47 36 106.3
47 37 118.7
47 38 117.6
47 39 119.7
47 40 82.4
47 41 19.5
47 42 19.2
47 43 203.5
47 44 1.6
47 45 1.9
47 46 1.8
47 48 1.7
47 49 78.1
47 54 96.5
47 55 98.4
47 56 100.9
47 57 91.7
47 58 87.2
47 78 94.5
47 79 94.3
48 25 159.4
48 27 68.4
48 28 201.6
48 35 94.2
48 36 105.7
48 37 118.1
48 38 117
48 39 119.1
48 40 81.8
48 41 18.9
48 42 18.6
48 43 202.9
48 44 2.2
48 45 2.5
48 46 2.3
48 47 1.7
48 49 79.4
48 54 97.7
48 55 98.6
48 56 101.1
48 57 91.9
48 58 87.4
48 78 94.7
48 79 94.5
49 25 131.8
49 27 102.7
49 28 104.9
49 35 59
49 36 55.3
49 37 32.4
49 38 32.9
49 39 42.7
49 40 53.8
49 41 97.5
49 42 97.2
49 43 137.3
49 44 78.2
49 45 79.3
49 46 78.6
49 47 78.1
49 48 79.4
49 54 18.7
49 55 84.9
49 56 82.4
49 57 168.9
49 58 164.3
49 78 171.7
49 79 171.4
50 34 195.8
50 51 2.3
50 59 117.2
51 34 193.8
51 50 2.3
51 59 118.9
52 24 239.8
52 29 184.1
52 30 128.3
52 31 125
52 32 126
52 33 127.6
52 43 195.1
53 29 165.3
53 30 138.4
53 31 142
53 32 142
53 33 140.9
54 25 117.7
54 26 234.7
54 27 118.7
54 28 79.8
54 35 38.3
54 36 37.9
54 37 15
54 38 15.5
54 39 61.2
54 40 61.5
54 41 115.9
54 42 115.6
54 43 119.9
54 44 96.6
54 45 97.6
54 46 97
54 47 96.5
54 48 97.7
54 49 18.7
54 55 103.1
54 56 100.6
54 57 187.1
54 58 182.6
54 78 189.9
54 79 189.7
55 25 208.7
55 27 165.2
55 28 101.7
55 35 136
55 36 143.5
55 37 116.7
55 38 117.1
55 39 77
55 40 130.8
55 41 117.5
55 42 117.2
55 43 206.2
55 44 97
55 45 96.4
55 46 96.7
55 47 98.4
55 48 98.6
55 49 84.9
55 54 103.1
55 56 2.8
55 57 99
55 58 94.5
55 78 101.8
55 79 101.6
56 25 206.2
56 27 167.6
56 28 100.4
56 35 133.5
56 36 141
56 37 114.2
56 38 114.6
56 39 74.5
56 40 128.3
56 41 120
56 42 119.6
56 43 204.9
56 44 99.4
56 45 98.9
56 46 99.2
56 47 100.9
56 48 101.1
56 49 82.4
56 54 100.6
56 55 2.8
56 57 101.4
56 58 96.9
56 78 104.2
56 79 104
57 25 248.7
57 27 158.5
57 28 200.5
57 35 183.6
57 36 195
57 37 207.4
57 38 206.4
57 39 175.8
57 40 171.1
57 41 88.9
57 42 89.3
57 44 90.3
57 45 89.7
57 46 90
57 47 91.7
57 48 91.9
57 49 168.9
57 54 187.1
57 55 99
57 56 101.4
57 58 6.3
57 78 2.9
57 79 2.7
58 25 244.2
58 27 153.9
58 28 196
58 35 179
58 36 190.5
58 37 202.9
58 38 201.8
58 39 171.3
58 40 166.6
58 41 106.3
58 42 105.9
58 44 85.7
58 45 85.2
58 46 85.5
58 47 87.2
58 48 87.4
58 49 164.3
58 54 182.6
58 55 94.5
58 56 96.9
58 57 6.3
58 78 14.9
58 79 14.7
59 50 117.2
59 51 118.9
60 3 201.5
60 4 201.4
60 5 202.1
60 6 202.1
60 7 208.2
60 8 194
60 9 201.6
60 10 201.7
60 11 201.9
60 12 204.3
60 13 201.9
60 18 199.9
60 19 199.9
60 61 10.3
60 62 9.5
60 63 7.2
60 64 11.8
60 67 213.5
60 68 151.9
60 69 151.9
60 70 28.9
60 71 178
60 72 177.4
60 75 218.9
60 76 30.4
60 77 166.2
60 80 23.8
60 81 24.2
60 82 15.7
60 83 26.1
60 84 27.6
61 3 208.9
61 4 208.8
61 5 209.5
61 6 209.5
61 7 215.6
61 8 201.5
61 9 209
61 10 209.1
61 11 209.3
61 12 211.7
61 13 209.3
61 18 207.3
61 19 207.3
61 60 10.3
61 62 2
61 63 5.5
61 64 1.9
61 67 218.4
61 68 152.3
61 69 152.2
61 70 24.8
61 71 178.3
61 72 177.7
61 75 223.8
61 76 34.5
61 77 166.5
61 80 32.2
61 81 32.6
61 82 24.1
61 83 34.5
61 84 36
62 3 208.1
62 4 208
62 5 208.7
62 6 208.7
62 7 214.8
62 8 200.7
62 9 208.2
62 10 208.3
62 11 208.5
62 12 210.9
62 13 208.5
62 18 206.5
62 19 206.5
62 60 9.5
62 61 2
62 63 4.1
62 64 2.3
62 67 217
62 68 156.1
62 69 156.1
62 70 24.3
62 71 182.2
62 72 181.5
62 75 222.4
62 76 33.1
62 77 170.4
62 80 30.8
62 81 31.2
62 82 22.7
62 83 33.1
62 84 34.6
63 3 205.7
63 4 205.7
63 5 206.3
63 6 206.3
63 7 212.5
63 8 198.3
63 9 205.8
63 10 205.9
63 11 206.1
63 12 208.6
63 13 206.1
63 18 204.1
63 19 204.1
63 60 7.2
63 61 5.5
63 62 4.1
63 64 6.8
63 67 215.6
63 68 152.7
63 69 152.6
63 70 29.6
63 71 178.7
63 72 178.1
63 75 221
63 76 29.7
63 77 167
63 80 27.3
63 81 27.8
63 82 19.3
63 83 29.7
63 84 31.2
64 3 210.4
64 4 210.3
64 5 211
64 6 211
64 7 217.1
64 8 202.9
64 9 210.4
64 10 210.6
64 11 210.8
64 12 213.2
64 13 210.7
64 18 208.8
64 19 208.8
64 60 11.8
64 61 1.9
64 62 2.3
64 63 6.8
64 67 219.5
64 68 152.2
64 69 152.2
64 70 20.2
64 71 178.3
64 72 177.7
64 75 224.9
64 76 35.6
64 77 166.5
64 80 33.2
64 81 33.7
64 82 25.2
64 83 35.6
64 84 37.1
65 26 227.5
65 29 211
65 66 6.2
65 73 156.7
65 74 156.5
66 26 227.7
66 29 211.3
66 65 6.2
66 73 161.8
66 74 161.6
67 28 226.9
67 39 247.1
67 60 213.5
67 61 218.4
67 62 217
67 63 215.6
67 64 219.5
67 68 224.8
67 69 224.7
67 70 242.8
67 73 172.9
67 74 172.7
67 75 5.6
67 76 244.4
67 77 239
67 80 217.2
67 81 217.5
67 82 219.2
67 83 219.1
67 84 220.1
68 60 151.9
68 61 152.3
68 62 156.1
68 63 152.7
68 64 152.2
68 67 224.8
68 69 1.4
68 70 128.8
68 71 28.4
68 72 27.8
68 75 228
68 76 133.3
68 77 19.3
68 80 171.9
68 81 172.4
68 82 163.9
68 83 174.2
68 84 175.8
69 60 151.9
69 61 152.2
69 62 156.1
69 63 152.6
69 64 152.2
69 67 224.7
69 68 1.4
69 70 129.9
69 71 28.9
69 72 28.3
69 75 229.1
69 76 134.4
69 77 20.4
69 80 173
69 81 173.5
69 82 165
69 83 175.3
69 84 176.9
70 3 232.5
70 4 232.4
70 5 233.1
70 6 233.1
70 7 239.2
70 8 225
70 9 232.6
70 10 232.7
70 11 232.9
70 12 235.3
70 13 232.9
70 18 230.9
70 19 230.9
70 60 28.9
70 61 24.8
70 62 24.3
70 63 29.6
70 64 20.2
70 67 242.8
70 68 128.8
70 69 129.9
70 71 156.2
70 72 155.6
70 75 245.2
70 76 46.8
70 77 144.4
70 80 49.3
70 81 49.8
70 82 41.3
70 83 51.7
70 84 53.2
71 60 178
71 61 178.3
71 62 182.2
71 63 178.7
71 64 178.3
71 68 28.4
71 69 28.9
71 70 156.2
71 72 0.6
71 76 160.3
71 77 44
71 80 198.9
71 81 199.4
71 82 190.9
71 83 201.3
71 84 202.8
72 60 177.4
72 61 177.7
72 62 181.5
72 63 178.1
72 64 177.7
72 68 27.8
72 69 28.3
72 70 155.6
72 71 0.6
72 76 160.2
72 77 43.9
72 80 198.8
72 81 199.3
72 82 190.8
72 83 201.2
72 84 202.7
73 23 188.5
73 65 156.7
73 66 161.8
73 67 172.9
73 74 0.2
73 75 170.2
74 23 188.3
74 65 156.5
74 66 161.6
74 67 172.7
74 73 0.2
74 75 170
75 28 222.4
75 39 242.7
75 60 218.9
75 61 223.8
75 62 222.4
75 63 221
75 64 224.9
75 67 5.6
75 68 228
75 69 229.1
75 70 245.2
75 73 170.2
75 74 170
75 76 249.6
75 77 244.2
75 80 222.4
75 81 222.7
75 82 224.4
75 83 224.3
75 84 225.4
76 3 194.8
76 4 194.7
76 5 195.4
76 6 195.4
76 7 201.5
76 8 187.3
76 9 194.9
76 10 195
76 11 195.2
76 12 197.6
76 13 195.2
76 18 193.2
76 19 193.2
76 60 30.4
76 61 34.5
76 62 33.1
76 63 29.7
76 64 35.6
76 67 244.4
76 68 133.3
76 69 134.4
76 70 46.8
76 71 160.3
76 72 160.2
76 75 249.6
76 77 149.4
76 80 37.1
76 81 36.5
76 82 43.1
76 83 34.6
76 84 34.7
77 60 166.2
77 61 166.5
77 62 170.4
77 63 167
77 64 166.5
77 67 239
77 68 19.3
77 69 20.4
77 70 144.4
77 71 44
77 72 43.9
77 75 244.2
77 76 149.4
77 80 187
77 81 187.5
77 82 179
77 83 189.4
77 84 190.9
78 27 161.3
78 28 203.3
78 35 186.3
78 36 197.8
78 37 210.2
78 38 209.1
78 39 178.6
78 40 173.9
78 41 91.7
78 42 92
78 44 93.1
78 45 92.5
78 46 92.8
78 47 94.5
78 48 94.7
78 49 171.7
78 54 189.9
78 55 101.8
78 56 104.2
78 57 2.9
78 58 14.9
78 79 2.4
79 27 161
79 28 203.1
79 35 186.1
79 36 197.6
79 37 210
79 38 208.9
79 39 178.4
79 40 173.7
79 41 91.5
79 42 91.8
79 44 92.8
79 45 92.3
79 46 92.6
79 47 94.3
79 48 94.5
79 49 171.4
79 54 189.7
79 55 101.6
79 56 104
79 57 2.7
79 58 14.7
79 78 2.4
80 3 190.2
80 4 186.6
80 5 190.2
80 6 190.2
80 7 191
80 8 185.6
80 9 189.9
80 10 190.2
80 11 190.3
80 12 190
80 13 190
80 17 247
80 18 191.5
80 19 191.4
80 60 23.8
80 61 32.2
80 62 30.8
80 63 27.3
80 64 33.2
80 67 217.2
80 68 171.9
80 69 173
80 70 49.3
80 71 198.9
80 72 198.8
80 75 222.4
80 76 37.1
80 77 187
80 81 1.5
80 82 8.1
80 83 3.4
80 84 4.9
81 3 189.7
81 4 186
81 5 189.6
81 6 189.6
81 7 190.4
81 8 185
81 9 189.3
81 10 189.6
81 11 189.7
81 12 189.4
81 13 189.4
81 17 246.4
81 18 190.9
81 19 190.9
81 60 24.2
81 61 32.6
81 62 31.2
81 63 27.8
81 64 33.7
81 67 217.5
81 68 172.4
81 69 173.5
81 70 49.8
81 71 199.4
81 72 199.3
81 75 222.7
81 76 36.5
81 77 187.5
81 80 1.5
81 82 8.9
81 83 2.1
81 84 3.7
82 3 198.4
82 4 194.7
82 5 198.3
82 6 198.3
82 7 199.1
82 8 193.7
82 9 198
82 10 198.4
82 11 198.4
82 12 198.1
82 13 198.1
82 18 199.6
82 19 199.6
82 60 15.7
82 61 24.1
82 62 22.7
82 63 19.3
82 64 25.2
82 67 219.2
82 68 163.9
82 69 165
82 70 41.3
82 71 190.9
82 72 190.8
82 75 224.4
82 76 43.1
82 77 179
82 80 8.1
82 81 8.9
82 83 10.5
82 84 12
83 3 187.7
83 4 184
83 5 187.7
83 6 187.7
83 7 188.4
83 8 183.1
83 9 187.4
83 10 187.7
83 11 187.7
83 12 187.5
83 13 187.4
83 17 244.5
83 18 188.9
83 19 188.9
83 60 26.1
83 61 34.5
83 62 33.1
83 63 29.7
83 64 35.6
83 67 219.1
83 68 174.2
83 69 175.3
83 70 51.7
83 71 201.3
83 72 201.2
83 75 224.3
83 76 34.6
83 77 189.4
83 80 3.4
83 81 2.1
83 82 10.5
83 84 1.8
84 3 186.5
84 4 182.9
84 5 186.5
84 6 186.5
84 7 187.2
84 8 181.9
84 9 186.2
84 10 186.5
84 11 186.5
84 12 186.3
84 13 186.3
84 17 243.3
84 18 187.7
84 19 187.7
84 60 27.6
84 61 36
84 62 34.6
84 63 31.2
84 64 37.1
84 67 220.1
84 68 175.8
84 69 176.9
84 70 53.2
84 71 202.8
84 72 202.7
84 75 225.4
84 76 34.7
84 77 190.9
84 80 4.9
84 81 3.7
84 82 12
84 83 1.8
